labels 1 -1
1 0.703092 0.296908
1 0.687625 0.312375
1 0.664622 0.335378
-1 0.263408 0.736592
1 0.603699 0.396301
1 0.646873 0.353127
1 0.845571 0.154429
-1 0.326042 0.673958
1 0.502147 0.497853
1 0.826283 0.173717
1 0.51566 0.48434
-1 0.311351 0.688649
1 0.836984 0.163016
-1 0.499779 0.500221
1 0.790448 0.209552
-1 0.368923 0.631077
1 0.733175 0.266825
1 0.659048 0.340952
1 0.563864 0.436136
1 0.724952 0.275048
1 0.54998 0.45002
-1 0.439007 0.560993
1 0.762443 0.237557
1 0.708346 0.291654
-1 0.308646 0.691354
-1 0.0997831 0.900217
1 0.612643 0.387357
1 0.555555 0.444445
-1 0.13947 0.86053
1 0.566818 0.433182
-1 0.357529 0.642471
-1 0.208832 0.791168
1 0.58079 0.41921
-1 0.486763 0.513237
1 0.794783 0.205217
1 0.720159 0.279841
-1 0.366677 0.633323
1 0.65925 0.34075
-1 0.431 0.569
1 0.572096 0.427904
-1 0.261063 0.738937
-1 0.345502 0.654498
1 0.714295 0.285705
1 0.586492 0.413508
-1 0.397395 0.602605
1 0.84117 0.15883
1 0.541543 0.458457
1 0.816113 0.183887
1 0.660641 0.339359
1 0.714177 0.285823
1 0.794379 0.205621
-1 0.369937 0.630063
-1 0.118224 0.881776
1 0.592169 0.407831
1 0.760497 0.239503
1 0.59278 0.40722
1 0.508303 0.491697
1 0.648792 0.351208
1 0.614088 0.385912
1 0.595774 0.404226
1 0.694279 0.305721
-1 0.0144301 0.98557
1 0.738491 0.261509
1 0.637031 0.362969
1 0.540822 0.459178
1 0.644739 0.355261
1 0.751239 0.248761
1 0.560053 0.439947
1 0.544352 0.455648
1 0.886444 0.113556
1 0.547486 0.452514
-1 0.0852947 0.914705
1 0.805 0.195
1 0.733258 0.266742
-1 0.0878206 0.912179
-1 0.0172711 0.982729
1 0.626043 0.373957
1 0.777543 0.222457
1 0.701616 0.298384
1 0.826229 0.173771
1 0.576012 0.423988
1 0.573688 0.426312
1 0.651114 0.348886
1 0.5607 0.4393
1 0.640204 0.359796
-1 0.230265 0.769735
-1 0.412099 0.587901
1 0.502597 0.497403
-1 0.468823 0.531177
-1 0.470005 0.529995
1 0.6609 0.3391
1 0.811921 0.188079
1 0.629725 0.370275
1 0.755395 0.244605
1 0.680439 0.319561
1 0.505809 0.494191
1 0.560768 0.439232
1 0.635708 0.364292
1 0.784082 0.215918
1 0.603026 0.396974
-1 0.3422 0.6578
-1 0.315163 0.684837
-1 0.159992 0.840008
-1 0.376868 0.623132
1 0.781064 0.218936
-1 0.0520568 0.947943
1 0.613628 0.386372
1 0.815579 0.184421
1 0.75716 0.24284
1 0.693722 0.306278
1 0.74606 0.25394
-1 0.256216 0.743784
1 0.744306 0.255694
1 0.715009 0.284991
-1 0.36367 0.63633
1 0.536518 0.463482
1 0.679058 0.320942
1 0.710579 0.289421
1 0.89951 0.10049
1 0.69119 0.30881
1 0.73942 0.26058
1 0.630603 0.369397
-1 0.494433 0.505567
-1 0.452738 0.547262
1 0.546705 0.453295
-1 0.317165 0.682835
-1 0.441612 0.558388
1 0.574312 0.425688
1 0.571392 0.428608
1 0.636113 0.363887
1 0.733015 0.266985
1 0.551387 0.448613
-1 0.218075 0.781925
-1 0.363079 0.636921
-1 0.467474 0.532526
1 0.803603 0.196397
1 0.831936 0.168064
1 0.607573 0.392427
1 0.801644 0.198356
-1 0.366216 0.633784
1 0.587797 0.412203
1 0.732776 0.267224
1 0.739768 0.260232
1 0.71595 0.28405
1 0.505117 0.494883
1 0.730393 0.269607
1 0.512312 0.487688
-1 0.421276 0.578724
1 0.593558 0.406442
1 0.629598 0.370402
1 0.556726 0.443274
-1 0.402356 0.597644
1 0.86103 0.13897
1 0.948554 0.0514464
-1 0.342064 0.657936
-1 0.457967 0.542033
1 0.521654 0.478346
1 0.577983 0.422017
-1 0.198728 0.801272
1 0.667317 0.332683
1 0.758217 0.241783
-1 0.230841 0.769159
-1 0.157604 0.842396
1 0.63221 0.36779
1 0.633584 0.366416
-1 0.409111 0.590889
1 0.633763 0.366237
1 0.698639 0.301361
-1 0.400994 0.599006
1 0.666693 0.333307
1 0.671289 0.328711
1 0.775354 0.224646
1 0.68706 0.31294
-1 0.455506 0.544494
-1 0.204195 0.795805
1 0.62116 0.37884
1 0.506173 0.493827
-1 0.211604 0.788396
1 0.61235 0.38765
1 0.766664 0.233336
1 0.676875 0.323125
1 0.610629 0.389371
1 0.519437 0.480563
1 0.805922 0.194078
1 0.631902 0.368098
1 0.708212 0.291788
1 0.8149 0.1851
1 0.701604 0.298396
1 0.622964 0.377036
1 0.589637 0.410363
-1 0.312584 0.687416
1 0.567749 0.432251
1 0.769466 0.230534
-1 0.403488 0.596512
1 0.54116 0.45884
-1 0.146773 0.853227
-1 0.283381 0.716619
1 0.75579 0.24421
-1 0.0629899 0.93701
1 0.523212 0.476788
1 0.723124 0.276876
1 0.680513 0.319487
-1 0.450298 0.549702
1 0.761895 0.238105
-1 0.406064 0.593936
1 0.564216 0.435784
-1 0.0899872 0.910013
1 0.520545 0.479455
1 0.676024 0.323976
1 0.501959 0.498041
1 0.579307 0.420693
-1 0.268323 0.731677
1 0.795341 0.204659
1 0.531996 0.468004
1 0.59417 0.40583
1 0.691525 0.308475
1 0.708922 0.291078
1 0.667494 0.332506
1 0.744358 0.255642
-1 0.281523 0.718477
1 0.569886 0.430114
-1 0.45631 0.54369
-1 0.0651289 0.934871
1 0.783956 0.216044
-1 0.326325 0.673675
1 0.690554 0.309446
1 0.645236 0.354764
1 0.548388 0.451612
-1 0.210495 0.789505
1 0.621305 0.378695
-1 0.151677 0.848323
1 0.747325 0.252675
1 0.719201 0.280799
1 0.803955 0.196045
-1 0.373563 0.626437
-1 0.3932 0.6068
1 0.587418 0.412582
1 0.6549 0.3451
-1 0.153311 0.846689
-1 0.42955 0.57045
1 0.590188 0.409812
1 0.679279 0.320721
1 0.594205 0.405795
-1 0.497152 0.502848
1 0.618613 0.381387
1 0.740577 0.259423
1 0.667497 0.332503
1 0.617406 0.382594
1 0.637286 0.362714
1 0.61942 0.38058
1 0.715055 0.284945
-1 0.36442 0.63558
1 0.766898 0.233102
1 0.632788 0.367212
1 0.526264 0.473736
1 0.832299 0.167701
1 0.681113 0.318887
1 0.559681 0.440319
1 0.533865 0.466135
1 0.628114 0.371886
1 0.701093 0.298907
-1 0.41599 0.58401
1 0.702817 0.297183
-1 0.24416 0.75584
-1 0.358418 0.641582
1 0.671645 0.328355
1 0.714957 0.285043
1 0.598865 0.401135
1 0.615248 0.384752
1 0.648532 0.351468
1 0.58368 0.41632
-1 0.312743 0.687257
1 0.753031 0.246969
1 0.560884 0.439116
-1 0.0671669 0.932833
1 0.632318 0.367682
-1 0.144253 0.855747
-1 0.0988025 0.901197
-1 0.153266 0.846734
-1 0.249834 0.750166
1 0.668114 0.331886
1 0.584244 0.415756
-1 0.261888 0.738112
1 0.591595 0.408405
1 0.76706 0.23294
-1 0.348626 0.651374
-1 0.4443 0.5557
1 0.608754 0.391246
-1 0.449069 0.550931
-1 0.0999238 0.900076
-1 0.162154 0.837846
-1 0.447652 0.552348
-1 0.280606 0.719394
1 0.593091 0.406909
1 0.549714 0.450286
1 0.641389 0.358611
1 0.791278 0.208722
-1 0.24972 0.75028
-1 0.429524 0.570476
1 0.616115 0.383885
1 0.83943 0.16057
1 0.508754 0.491246
1 0.640336 0.359664
1 0.726039 0.273961
1 0.5114 0.4886
-1 0.487918 0.512082
1 0.691226 0.308774
-1 0.0202944 0.979706
-1 0.396958 0.603042
-1 0.46197 0.53803
1 0.744474 0.255526
1 0.677895 0.322105
1 0.592816 0.407184
-1 0.430879 0.569121
1 0.568442 0.431558
-1 0.413552 0.586448
1 0.531167 0.468833
1 0.619721 0.380279
1 0.504476 0.495524
1 0.621607 0.378393
1 0.744128 0.255872
1 0.676271 0.323729
1 0.842998 0.157002
-1 0.469898 0.530102
-1 0.273934 0.726066
1 0.519168 0.480832
-1 0.451912 0.548088
1 0.692255 0.307745
-1 0.288432 0.711568
-1 0.47606 0.52394
1 0.770633 0.229367
-1 0.322096 0.677904
-1 0.342011 0.657989
-1 0.482069 0.517931
1 0.54921 0.45079
1 0.65097 0.34903
1 0.821052 0.178948
-1 0.438528 0.561472
1 0.766894 0.233106
1 0.586295 0.413705
1 0.804977 0.195023
1 0.622701 0.377299
1 0.523014 0.476986
-1 0.49148 0.50852
1 0.590686 0.409314
1 0.616821 0.383179
1 0.738131 0.261869
1 0.639666 0.360334
-1 0.185543 0.814457
1 0.607242 0.392758
1 0.867285 0.132715
1 0.691569 0.308431
1 0.54134 0.45866
1 0.751184 0.248816
-1 0.499294 0.500706
1 0.739965 0.260035
-1 0.117394 0.882606
1 0.662709 0.337291
1 0.616176 0.383824
-1 0.288295 0.711705
-1 0.0442349 0.955765
-1 0.341154 0.658846
-1 0.282276 0.717724
1 0.560462 0.439538
-1 0.458996 0.541004
1 0.61196 0.38804
-1 0.435354 0.564646
1 0.562017 0.437983
1 0.729158 0.270842
-1 0.108638 0.891362
-1 0.31834 0.68166
1 0.560789 0.439211
-1 0.475927 0.524073
1 0.779451 0.220549
1 0.611599 0.388401
-1 0.0576304 0.94237
1 0.639762 0.360238
-1 0.106399 0.893601
1 0.784754 0.215246
-1 0.210025 0.789975
1 0.582269 0.417731
1 0.750429 0.249571
1 0.79771 0.20229
1 0.683161 0.316839
